21550.5
21551.5
21552.5
21553.5
21554.5
21555.5
21556.5
21557.5
21558.5
21559.5
21560.5
21561.5
21562.5
21563.5
21564.5
21565.5
21566.5
21567.5
21568.5
21569.5
21570.5
21571.5
21572.5
21573.5
21574.5
21575.5
21576.5
21577.5
21578.5
21579.5
21580.5
21581.5
21582.5
21583.5
21584.5
21585.5
21586.5
21587.5
21588.5
21589.5
21590.5
21591.5
21592.5
21593.5
21594.5
21595.5
21596.5
21597.5
21598.5
21599.5
21600.5
21601.5
21602.5
21603.5
21604.5
21605.5
21606.5
21607.5
21608.5
21609.5
21610.5
21611.5
21612.5
21613.5
21614.5
21615.5
21616.5
21617.5
21618.5
21619.5
21620.5
21621.5
21622.5
21623.5
21624.5
21625.5
21626.5
21627.5
21628.5
21629.5
21630.5
21631.5
21632.5
21633.5
21634.5
21635.5
21636.5
21637.5
21638.5
21639.5
21640.5
21641.5
21642.5
21643.5
21644.5
21645.5
21646.5
21647.5
21648.5
21649.5
21650.5
21651.5
21652.5
21653.5
21654.5
21655.5
21656.5
21657.5
21658.5
21659.5
21660.5
21661.5
21662.5
21663.5
21664.5
21665.5
21666.5
21667.5
21668.5
21669.5
21670.5
21671.5
21672.5
21673.5
21674.5
21675.5
21676.5
21677.5
21678.5
21679.5
21680.5
21681.5
21682.5
21683.5
21684.5
21685.5
21686.5
21687.5
21688.5
21689.5
21690.5
21691.5
21692.5
21693.5
21694.5
21695.5
21696.5
21697.5
21698.5
21699.5
21700.5
21701.5
21702.5
21703.5
21704.5
21705.5
21706.5
21707.5
21708.5
21709.5
21710.5
21711.5
21712.5
21713.5
21714.5
21715.5
21716.5
21717.5
21718.5
21719.5
21720.5
21721.5
21722.5
21723.5
21724.5
21725.5
21726.5
21727.5
21728.5
21729.5
21730.5
21731.5
21732.5
21733.5
21734.5
21735.5
21736.5
21737.5
21738.5
21739.5
21740.5
21741.5
21742.5
21743.5
21744.5
21745.5
21746.5
21747.5
21748.5
21749.5
21750.5
21751.5
21752.5
21753.5
21754.5
21755.5
21756.5
21757.5
21758.5
21759.5
21760.5
21761.5
21762.5
21763.5
21764.5
21765.5
21766.5
21767.5
21768.5
21769.5
21770.5
21771.5
21772.5
21773.5
21774.5
21775.5
21776.5
21777.5
21778.5
21779.5
21780.5
21781.5
21782.5
21783.5
21784.5
21785.5
21786.5
21787.5
21788.5
21789.5
21790.5
21791.5
21792.5
21793.5
21794.5
21795.5
21796.5
21797.5
21798.5
21799.5
21800.5
21801.5
21802.5
21803.5
21804.5
21805.5
21806.5
21807.5
21808.5
21809.5
21810.5
21811.5
21812.5
21813.5
21814.5
21815.5
21816.5
21817.5
21818.5
21819.5
21820.5
21821.5
21822.5
21823.5
21824.5
21825.5
21826.5
21827.5
21828.5
21829.5
21830.5
21831.5
21832.5
21833.5
21834.5
21835.5
21836.5
21837.5
21838.5
21839.5
21840.5
21841.5
21842.5
21843.5
21844.5
21845.5
21846.5
21847.5
21848.5
21849.5
21850.5
21851.5
21852.5
21853.5
21854.5
21855.5
21856.5
21857.5
21858.5
21859.5
21860.5
21861.5
21862.5
21863.5
21864.5
21865.5
21866.5
21867.5
21868.5
21869.5
21870.5
21871.5
21872.5
21873.5
21874.5
21875.5
21876.5
21877.5
21878.5
21879.5
21880.5
21881.5
21882.5
21883.5
21884.5
21885.5
21886.5
21887.5
21888.5
21889.5
21890.5
21891.5
21892.5
21893.5
21894.5
21895.5
21896.5
21897.5
21898.5
21899.5
21900.5
21901.5
21902.5
21903.5
21904.5
21905.5
21906.5
21907.5
21908.5
21909.5
21910.5
21911.5
21912.5
21913.5
21914.5
21915.5
21916.5
21917.5
21918.5
21919.5
21920.5
21921.5
21922.5
21923.5
21924.5
21925.5
21926.5
21927.5
21928.5
21929.5
21930.5
21931.5
21932.5
21933.5
21934.5
21935.5
21936.5
21937.5
21938.5
21939.5
21940.5
21941.5
21942.5
21943.5
21944.5
21945.5
21946.5
21947.5
21948.5
21949.5
21950.5
21951.5
21952.5
21953.5
21954.5
21955.5
21956.5
21957.5
21958.5
21959.5
21960.5
21961.5
21962.5
21963.5
21964.5
21965.5
21966.5
21967.5
21968.5
21969.5
21970.5
21971.5
21972.5
21973.5
21974.5
21975.5
21976.5
21977.5
21978.5
21979.5
21980.5
21981.5
21982.5
21983.5
21984.5
21985.5
21986.5
21987.5
21988.5
21989.5
21990.5
21991.5
21992.5
21993.5
21994.5
21995.5
21996.5
21997.5
21998.5
21999.5
22000.5
22001.5
22002.5
22003.5
22004.5
22005.5
22006.5
22007.5
22008.5
22009.5
22010.5
22011.5
22012.5
22013.5
22014.5
22015.5
22016.5
22017.5
22018.5
22019.5
22020.5
22021.5
22022.5
22023.5
22024.5
22025.5
22026.5
22027.5
22028.5
22029.5
22030.5
22031.5
22032.5
22033.5
22034.5
22035.5
22036.5
22037.5
22038.5
22039.5
22040.5
22041.5
22042.5
22043.5
22044.5
22045.5
22046.5
22047.5
22048.5
22049.5
22050.5
22051.5
22052.5
22053.5
22054.5
22055.5
22056.5
22057.5
22058.5
22059.5
22060.5
22061.5
22062.5
22063.5
22064.5
22065.5
22066.5
22067.5
22068.5
22069.5
22070.5
22071.5
22072.5
22073.5
22074.5
22075.5
22076.5
22077.5
22078.5
22079.5
22080.5
22081.5
22082.5
22083.5
22084.5
22085.5
22086.5
22087.5
22088.5
22089.5
22090.5
22091.5
22092.5
22093.5
22094.5
22095.5
22096.5
22097.5
22098.5
22099.5
22100.5
22101.5
22102.5
22103.5
22104.5
22105.5
22106.5
22107.5
22108.5
22109.5
22110.5
22111.5
22112.5
22113.5
22114.5
22115.5
22116.5
22117.5
22118.5
22119.5
22120.5
22121.5
22122.5
22123.5
22124.5
22125.5
22126.5
22127.5
22128.5
22129.5
22130.5
22131.5
22132.5
22133.5
22134.5
22135.5
22136.5
22137.5
22138.5
22139.5
22140.5
22141.5
22142.5
22143.5
22144.5
22145.5
22146.5
22147.5
22148.5
22149.5
22150.5
22151.5
22152.5
22153.5
22154.5
22155.5
22156.5
22157.5
22158.5
22159.5
22160.5
22161.5
22162.5
22163.5
22164.5
22165.5
22166.5
22167.5
22168.5
22169.5
22170.5
22171.5
22172.5
22173.5
22174.5
22175.5
22176.5
22177.5
22178.5
22179.5
22180.5
22181.5
22182.5
22183.5
22184.5
22185.5
22186.5
22187.5
22188.5
22189.5
22190.5
22191.5
22192.5
22193.5
22194.5
22195.5
22196.5
22197.5
22198.5
22199.5
22200.5
22201.5
22202.5
22203.5
22204.5
22205.5
22206.5
22207.5
22208.5
22209.5
22210.5
22211.5
22212.5
22213.5
22214.5
22215.5
22216.5
22217.5
22218.5
22219.5
22220.5
22221.5
22222.5
22223.5
22224.5
22225.5
22226.5
22227.5
22228.5
22229.5
22230.5
22231.5
22232.5
22233.5
22234.5
22235.5
22236.5
22237.5
22238.5
22239.5
22240.5
22241.5
22242.5
22243.5
22244.5
22245.5
22246.5
22247.5
22248.5
22249.5
22250.5
22251.5
22252.5
22253.5
22254.5
22255.5
22256.5
22257.5
22258.5
22259.5
22260.5
22261.5
22262.5
22263.5
22264.5
22265.5
22266.5
22267.5
22268.5
22269.5
22270.5
22271.5
22272.5
22273.5
22274.5
22275.5
22276.5
22277.5
22278.5
22279.5
22280.5
22281.5
22282.5
22283.5
22284.5
22285.5
22286.5
22287.5
22288.5
22289.5
22290.5
22291.5
22292.5
22293.5
22294.5
22295.5
22296.5
22297.5
22298.5
22299.5
22300.5
22301.5
22302.5
22303.5
22304.5
22305.5
22306.5
22307.5
22308.5
22309.5
22310.5
22311.5
22312.5
22313.5
22314.5
22315.5
22316.5
22317.5
22318.5
22319.5
22320.5
22321.5
22322.5
22323.5
22324.5
22325.5
22326.5
22327.5
22328.5
22329.5
22330.5
22331.5
22332.5
22333.5
22334.5
22335.5
22336.5
22337.5
22338.5
22339.5
22340.5
22341.5
22342.5
22343.5
22344.5
22345.5
22346.5
22347.5
22348.5
22349.5
22350.5
22351.5
22352.5
22353.5
22354.5
22355.5
22356.5
22357.5
22358.5
22359.5
22360.5
22361.5
22362.5
22363.5
22364.5
22365.5
22366.5
22367.5
22368.5
22369.5
22370.5
22371.5
22372.5
22373.5
22374.5
22375.5
22376.5
22377.5
22378.5
22379.5
22380.5
22381.5
22382.5
22383.5
22384.5
22385.5
22386.5
22387.5
22388.5
22389.5
22390.5
22391.5
22392.5
22393.5
22394.5
22395.5
22396.5
22397.5
22398.5
22399.5
22400.5
22401.5
22402.5
22403.5
22404.5
22405.5
22406.5
22407.5
22408.5
22409.5
22410.5
22411.5
22412.5
22413.5
22414.5
22415.5
22416.5
22417.5
22418.5
22419.5
22420.5
22421.5
22422.5
22423.5
22424.5
22425.5
22426.5
22427.5
22428.5
22429.5
22430.5
22431.5
22432.5
22433.5
22434.5
22435.5
22436.5
22437.5
22438.5
22439.5
22440.5
22441.5
22442.5
22443.5
22444.5
22445.5
22446.5
22447.5
22448.5
22449.5
22450.5
22451.5
22452.5
22453.5
22454.5
22455.5
22456.5
22457.5
22458.5
22459.5
22460.5
22461.5
22462.5
22463.5
22464.5
22465.5
22466.5
22467.5
22468.5
22469.5
22470.5
22471.5
22472.5
22473.5
22474.5
22475.5
22476.5
22477.5
22478.5
22479.5
22480.5
22481.5
22482.5
22483.5
22484.5
22485.5
22486.5
22487.5
22488.5
22489.5
22490.5
22491.5
22492.5
22493.5
22494.5
22495.5
22496.5
22497.5
22498.5
22499.5
22500.5
22501.5
22502.5
22503.5
22504.5
22505.5
22506.5
22507.5
22508.5
22509.5
22510.5
22511.5
22512.5
22513.5
22514.5
22515.5
22516.5
22517.5
22518.5
22519.5
22520.5
22521.5
22522.5
22523.5
22524.5
22525.5
22526.5
22527.5
22528.5
22529.5
22530.5
22531.5
22532.5
22533.5
22534.5
22535.5
22536.5
22537.5
22538.5
22539.5
22540.5
22541.5
22542.5
22543.5
22544.5
22545.5
22546.5
22547.5
22548.5
22549.5
22550.5
22551.5
22552.5
22553.5
22554.5
22555.5
22556.5
22557.5
22558.5
22559.5
22560.5
22561.5
22562.5
22563.5
22564.5
22565.5
22566.5
22567.5
22568.5
22569.5
22570.5
22571.5
22572.5
22573.5
22574.5
22575.5
22576.5
22577.5
22578.5
22579.5
22580.5
22581.5
22582.5
22583.5
22584.5
22585.5
22586.5
22587.5
22588.5
22589.5
22590.5
22591.5
22592.5
22593.5
22594.5
22595.5
22596.5
22597.5
22598.5
22599.5
22600.5
22601.5
22602.5
22603.5
22604.5
22605.5
22606.5
22607.5
22608.5
22609.5
22610.5
22611.5
22612.5
22613.5
22614.5
22615.5
22616.5
22617.5
22618.5
22619.5
22620.5
22621.5
22622.5
22623.5
22624.5
22625.5
22626.5
22627.5
22628.5
22629.5
22630.5
22631.5
22632.5
22633.5
22634.5
22635.5
22636.5
22637.5
22638.5
22639.5
22640.5
22641.5
22642.5
22643.5
22644.5
22645.5
22646.5
22647.5
22648.5
22649.5
22650.5
22651.5
22652.5
22653.5
22654.5
22655.5
22656.5
22657.5
22658.5
22659.5
22660.5
22661.5
22662.5
22663.5
22664.5
22665.5
22666.5
22667.5
22668.5
22669.5
22670.5
22671.5
22672.5
22673.5
22674.5
22675.5
22676.5
22677.5
22678.5
22679.5
22680.5
22681.5
22682.5
22683.5
22684.5
22685.5
22686.5
22687.5
22688.5
22689.5
22690.5
22691.5
22692.5
22693.5
22694.5
22695.5
22696.5
22697.5
22698.5
22699.5
22700.5
22701.5
22702.5
22703.5
22704.5
22705.5
22706.5
22707.5
22708.5
22709.5
22710.5
22711.5
22712.5
22713.5
22714.5
22715.5
22716.5
22717.5
22718.5
22719.5
22720.5
22721.5
22722.5
22723.5
22724.5
22725.5
22726.5
22727.5
22728.5
22729.5
22730.5
22731.5
22732.5
22733.5
22734.5
22735.5
22736.5
22737.5
22738.5
22739.5
22740.5
22741.5
22742.5
22743.5
22744.5
22745.5
22746.5
22747.5
22748.5
22749.5
22750.5
22751.5
22752.5
22753.5
22754.5
22755.5
22756.5
22757.5
22758.5
22759.5
22760.5
22761.5
22762.5
22763.5
22764.5
22765.5
22766.5
22767.5
22768.5
22769.5
22770.5
22771.5
22772.5
22773.5
22774.5
22775.5
22776.5
22777.5
22778.5
22779.5
22780.5
22781.5
22782.5
22783.5
22784.5
22785.5
22786.5
22787.5
22788.5
22789.5
22790.5
22791.5
22792.5
22793.5
22794.5
22795.5
22796.5
22797.5
22798.5
22799.5
22800.5
22801.5
22802.5
22803.5
22804.5
22805.5
22806.5
22807.5
22808.5
22809.5
22810.5
22811.5
22812.5
22813.5
22814.5
22815.5
22816.5
22817.5
22818.5
22819.5
22820.5
22821.5
22822.5
22823.5
22824.5
22825.5
22826.5
22827.5
22828.5
22829.5
22830.5
22831.5
22832.5
22833.5
22834.5
22835.5
22836.5
22837.5
22838.5
22839.5
22840.5
22841.5
22842.5
22843.5
22844.5
22845.5
22846.5
22847.5
22848.5
22849.5
22850.5
22851.5
22852.5
22853.5
22854.5
22855.5
22856.5
22857.5
22858.5
22859.5
22860.5
22861.5
22862.5
22863.5
22864.5
22865.5
22866.5
22867.5
22868.5
22869.5
22870.5
22871.5
22872.5
22873.5
22874.5
22875.5
22876.5
22877.5
22878.5
22879.5
22880.5
22881.5
22882.5
22883.5
22884.5
22885.5
22886.5
22887.5
22888.5
22889.5
22890.5
22891.5
22892.5
22893.5
22894.5
22895.5
22896.5
22897.5
22898.5
22899.5
22900.5
22901.5
22902.5
22903.5
22904.5
22905.5
22906.5
22907.5
22908.5
22909.5
22910.5
22911.5
22912.5
22913.5
22914.5
22915.5
22916.5
22917.5
22918.5
22919.5
22920.5
22921.5
22922.5
22923.5
22924.5
22925.5
22926.5
22927.5
22928.5
22929.5
22930.5
22931.5
22932.5
22933.5
22934.5
22935.5
22936.5
22937.5
22938.5
22939.5
22940.5
22941.5
22942.5
22943.5
22944.5
22945.5
22946.5
22947.5
22948.5
22949.5
22950.5
22951.5
22952.5
22953.5
22954.5
22955.5
22956.5
22957.5
22958.5
22959.5
22960.5
22961.5
22962.5
22963.5
22964.5
22965.5
22966.5
22967.5
22968.5
22969.5
22970.5
22971.5
22972.5
22973.5
22974.5
22975.5
22976.5
22977.5
22978.5
22979.5
22980.5
22981.5
22982.5
22983.5
22984.5
22985.5
22986.5
22987.5
22988.5
22989.5
22990.5
22991.5
22992.5
22993.5
22994.5
22995.5
22996.5
22997.5
22998.5
22999.5
23000.5
23001.5
23002.5
23003.5
23004.5
23005.5
23006.5
23007.5
23008.5
23009.5
23010.5
23011.5
23012.5
23013.5
23014.5
23015.5
23016.5
23017.5
23018.5
23019.5
23020.5
23021.5
23022.5
23023.5
23024.5
23025.5
23026.5
23027.5
23028.5
23029.5
23030.5
23031.5
23032.5
23033.5
23034.5
23035.5
23036.5
23037.5
23038.5
23039.5
23040.5
23041.5
23042.5
23043.5
23044.5
23045.5
23046.5
23047.5
23048.5
23049.5
23050.5
23051.5
23052.5
23053.5
23054.5
23055.5
23056.5
23057.5
23058.5
23059.5
23060.5
23061.5
23062.5
23063.5
23064.5
23065.5
23066.5
23067.5
23068.5
23069.5
23070.5
23071.5
23072.5
23073.5
23074.5
23075.5
23076.5
23077.5
23078.5
23079.5
23080.5
23081.5
23082.5
23083.5
23084.5
23085.5
23086.5
23087.5
23088.5
23089.5
23090.5
23091.5
23092.5
23093.5
23094.5
23095.5
23096.5
23097.5
23098.5
23099.5
23100.5
23101.5
23102.5
23103.5
23104.5
23105.5
23106.5
23107.5
23108.5
23109.5
23110.5
23111.5
23112.5
23113.5
23114.5
23115.5
23116.5
23117.5
23118.5
23119.5
23120.5
23121.5
23122.5
23123.5
23124.5
23125.5
23126.5
23127.5
23128.5
23129.5
23130.5
23131.5
23132.5
23133.5
23134.5
23135.5
23136.5
23137.5
23138.5
23139.5
23140.5
23141.5
23142.5
23143.5
23144.5
23145.5
23146.5
23147.5
23148.5
23149.5
23150.5
23151.5
23152.5
23153.5
23154.5
23155.5
23156.5
23157.5
23158.5
23159.5
23160.5
23161.5
23162.5
23163.5
23164.5
23165.5
23166.5
23167.5
23168.5
23169.5
23170.5
23171.5
23172.5
23173.5
23174.5
23175.5
23176.5
23177.5
23178.5
23179.5
23180.5
23181.5
23182.5
23183.5
23184.5
23185.5
23186.5
23187.5
23188.5
23189.5
23190.5
23191.5
23192.5
23193.5
23194.5
23195.5
23196.5
23197.5
23198.5
23199.5
23200.5
23201.5
23202.5
23203.5
23204.5
23205.5
23206.5
23207.5
23208.5
23209.5
23210.5
23211.5
23212.5
23213.5
23214.5
23215.5
23216.5
23217.5
23218.5
23219.5
23220.5
23221.5
23222.5
23223.5
23224.5
23225.5
23226.5
23227.5
23228.5
23229.5
23230.5
23231.5
23232.5
23233.5
23234.5
23235.5
23236.5
23237.5
23238.5
23239.5
23240.5
23241.5
23242.5
23243.5
23244.5
23245.5
23246.5
23247.5
23248.5
23249.5
23250.5
23251.5
23252.5
23253.5
23254.5
23255.5
23256.5
23257.5
23258.5
23259.5
23260.5
23261.5
23262.5
23263.5
23264.5
23265.5
23266.5
23267.5
23268.5
23269.5
23270.5
23271.5
23272.5
23273.5
23274.5
23275.5
23276.5
23277.5
23278.5
23279.5
23280.5
23281.5
23282.5
23283.5
23284.5
23285.5
23286.5
23287.5
23288.5
23289.5
23290.5
23291.5
23292.5
23293.5
23294.5
23295.5
23296.5
23297.5
23298.5
23299.5
23300.5
23301.5
23302.5
23303.5
23304.5
23305.5
23306.5
23307.5
23308.5
23309.5
23310.5
23311.5
23312.5
23313.5
23314.5
23315.5
23316.5
23317.5
23318.5
23319.5
23320.5
23321.5
23322.5
23323.5
23324.5
23325.5
23326.5
23327.5
23328.5
23329.5
23330.5
23331.5
23332.5
23333.5
23334.5
23335.5
23336.5
23337.5
23338.5
23339.5
23340.5
23341.5
23342.5
23343.5
23344.5
23345.5
23346.5
23347.5
23348.5
23349.5
23350.5
23351.5
23352.5
23353.5
23354.5
23355.5
23356.5
23357.5
23358.5
23359.5
23360.5
23361.5
23362.5
23363.5
23364.5
23365.5
23366.5
23367.5
23368.5
23369.5
23370.5
23371.5
23372.5
23373.5
23374.5
23375.5
23376.5
23377.5
23378.5
23379.5
23380.5
23381.5
23382.5
23383.5
23384.5
23385.5
23386.5
23387.5
23388.5
23389.5
23390.5
23391.5
23392.5
23393.5
23394.5
23395.5
23396.5
23397.5
23398.5
23399.5
23400.5
23401.5
23402.5
23403.5
23404.5
23405.5
23406.5
23407.5
23408.5
23409.5
23410.5
23411.5
23412.5
23413.5
23414.5
23415.5
23416.5
23417.5
23418.5
23419.5
23420.5
23421.5
23422.5
23423.5
23424.5
23425.5
23426.5
23427.5
23428.5
23429.5
23430.5
23431.5
23432.5
23433.5
23434.5
23435.5
23436.5
23437.5
23438.5
23439.5
23440.5
23441.5
23442.5
23443.5
23444.5
23445.5
23446.5
23447.5
23448.5
23449.5
23450.5
23451.5
23452.5
23453.5
23454.5
23455.5
23456.5
23457.5
23458.5
23459.5
23460.5
23461.5
23462.5
23463.5
23464.5
23465.5
23466.5
23467.5
23468.5
23469.5
23470.5
23471.5
23472.5
23473.5
23474.5
23475.5
23476.5
23477.5
23478.5
23479.5
23480.5
23481.5
23482.5
23483.5
23484.5
23485.5
23486.5
23487.5
23488.5
23489.5
23490.5
23491.5
23492.5
23493.5
23494.5
23495.5
23496.5
23497.5
23498.5
23499.5
23500.5
23501.5
23502.5
23503.5
23504.5
23505.5
23506.5
23507.5
23508.5
23509.5
23510.5
23511.5
23512.5
23513.5
23514.5
23515.5
23516.5
23517.5
23518.5
23519.5
23520.5
23521.5
23522.5
23523.5
23524.5
23525.5
23526.5
23527.5
23528.5
23529.5
23530.5
23531.5
23532.5
23533.5
23534.5
23535.5
23536.5
23537.5
23538.5
23539.5
23540.5
23541.5
23542.5
23543.5
23544.5
23545.5
23546.5
23547.5
23548.5
23549.5
23550.5
23551.5
23552.5
23553.5
23554.5
23555.5
23556.5
23557.5
23558.5
23559.5
23560.5
23561.5
23562.5
23563.5
23564.5
23565.5
23566.5
23567.5
23568.5
23569.5
23570.5
23571.5
23572.5
23573.5
23574.5
23575.5
23576.5
23577.5
23578.5
23579.5
23580.5
23581.5
23582.5
23583.5
23584.5
23585.5
23586.5
23587.5
23588.5
23589.5
23590.5
23591.5
23592.5
23593.5
23594.5
23595.5
23596.5
23597.5
23598.5
23599.5
23600.5
23601.5
23602.5
23603.5
23604.5
23605.5
23606.5
23607.5
23608.5
23609.5
23610.5
23611.5
23612.5
23613.5
23614.5
23615.5
23616.5
23617.5
23618.5
23619.5
23620.5
23621.5
23622.5
23623.5
23624.5
23625.5
23626.5
23627.5
23628.5
23629.5
23630.5
23631.5
23632.5
23633.5
23634.5
23635.5
23636.5
23637.5
23638.5
23639.5
23640.5
23641.5
23642.5
23643.5
23644.5
23645.5
23646.5
23647.5
23648.5
23649.5
23650.5
23651.5
23652.5
23653.5
23654.5
23655.5
23656.5
23657.5
23658.5
23659.5
23660.5
23661.5
23662.5
23663.5
23664.5
23665.5
23666.5
23667.5
23668.5
23669.5
23670.5
23671.5
23672.5
23673.5
23674.5
23675.5
23676.5
23677.5
23678.5
23679.5
23680.5
23681.5
23682.5
23683.5
23684.5
23685.5
23686.5
23687.5
23688.5
23689.5
23690.5
23691.5
23692.5
23693.5
23694.5
23695.5
23696.5
23697.5
23698.5
23699.5
23700.5
23701.5
23702.5
23703.5
23704.5
23705.5
23706.5
23707.5
23708.5
23709.5
23710.5
23711.5
23712.5
23713.5
23714.5
23715.5
23716.5
23717.5
23718.5
23719.5
23720.5
23721.5
23722.5
23723.5
23724.5
23725.5
23726.5
23727.5
23728.5
23729.5
23730.5
23731.5
23732.5
23733.5
23734.5
23735.5
23736.5
23737.5
23738.5
23739.5
23740.5
23741.5
23742.5
23743.5
23744.5
23745.5
23746.5
23747.5
23748.5
23749.5
23750.5
23751.5
23752.5
23753.5
23754.5
23755.5
23756.5
23757.5
23758.5
23759.5
23760.5
23761.5
23762.5
23763.5
23764.5
23765.5
23766.5
23767.5
23768.5
23769.5
23770.5
23771.5
23772.5
23773.5
23774.5
23775.5
23776.5
23777.5
23778.5
23779.5
23780.5
23781.5
23782.5
23783.5
23784.5
23785.5
23786.5
23787.5
23788.5
23789.5
23790.5
23791.5
23792.5
23793.5
23794.5
23795.5
23796.5
23797.5
23798.5
23799.5
23800.5
23801.5
23802.5
23803.5
23804.5
23805.5
23806.5
23807.5
23808.5
23809.5
23810.5
23811.5
23812.5
23813.5
23814.5
23815.5
23816.5
23817.5
23818.5
23819.5
23820.5
23821.5
23822.5
23823.5
23824.5
23825.5
23826.5
23827.5
23828.5
23829.5
23830.5
23831.5
23832.5
23833.5
23834.5
23835.5
23836.5
23837.5
23838.5
23839.5
23840.5
23841.5
23842.5
23843.5
23844.5
23845.5
23846.5
23847.5
23848.5
23849.5
23850.5
23851.5
23852.5
23853.5
23854.5
23855.5
23856.5
23857.5
23858.5
23859.5
23860.5
23861.5
23862.5
23863.5
23864.5
23865.5
23866.5
23867.5
23868.5
23869.5
23870.5
23871.5
23872.5
23873.5
23874.5
23875.5
23876.5
23877.5
23878.5
23879.5
23880.5
23881.5
23882.5
23883.5
23884.5
23885.5
23886.5
23887.5
23888.5
23889.5
23890.5
23891.5
23892.5
23893.5
23894.5
23895.5
23896.5
23897.5
23898.5
23899.5
23900.5
23901.5
23902.5
23903.5
23904.5
23905.5
23906.5
23907.5
23908.5
23909.5
23910.5
23911.5
23912.5
23913.5
23914.5
23915.5
23916.5
23917.5
23918.5
23919.5
23920.5
23921.5
23922.5
23923.5
23924.5
23925.5
23926.5
23927.5
23928.5
23929.5
23930.5
23931.5
23932.5
23933.5
23934.5
23935.5
23936.5
23937.5
23938.5
23939.5
23940.5
23941.5
23942.5
23943.5
23944.5
23945.5
23946.5
23947.5
23948.5
23949.5
23950.5
23951.5
23952.5
23953.5
23954.5
23955.5
23956.5
23957.5
23958.5
23959.5
23960.5
23961.5
23962.5
23963.5
23964.5
23965.5
23966.5
23967.5
23968.5
23969.5
23970.5
23971.5
23972.5
23973.5
23974.5
23975.5
23976.5
23977.5
23978.5
23979.5
23980.5
23981.5
23982.5
23983.5
23984.5
23985.5
23986.5
23987.5
23988.5
23989.5
23990.5
23991.5
23992.5
23993.5
23994.5
23995.5
23996.5
23997.5
23998.5
23999.5
24000.5
24001.5
24002.5
24003.5
24004.5
24005.5
24006.5
24007.5
24008.5
24009.5
24010.5
24011.5
24012.5
24013.5
24014.5
24015.5
24016.5
24017.5
24018.5
24019.5
24020.5
24021.5
24022.5
24023.5
24024.5
24025.5
24026.5
24027.5
24028.5
24029.5
24030.5
24031.5
24032.5
24033.5
24034.5
24035.5
24036.5
24037.5
24038.5
24039.5
24040.5
24041.5
24042.5
24043.5
24044.5
24045.5
24046.5
24047.5
24048.5
24049.5
24050.5
24051.5
24052.5
24053.5
24054.5
24055.5
24056.5
24057.5
24058.5
24059.5
24060.5
24061.5
24062.5
24063.5
24064.5
24065.5
24066.5
24067.5
24068.5
24069.5
24070.5
24071.5
24072.5
24073.5
24074.5
24075.5
24076.5
24077.5
24078.5
24079.5
24080.5
24081.5
24082.5
24083.5
24084.5
24085.5
24086.5
24087.5
24088.5
24089.5
24090.5
24091.5
24092.5
24093.5
24094.5
24095.5
24096.5
24097.5
24098.5
24099.5
24100.5
24101.5
24102.5
24103.5
24104.5
24105.5
24106.5
24107.5
24108.5
24109.5
24110.5
24111.5
24112.5
24113.5
24114.5
24115.5
24116.5
24117.5
24118.5
24119.5
24120.5
24121.5
24122.5
24123.5
24124.5
24125.5
24126.5
24127.5
24128.5
24129.5
24130.5
24131.5
24132.5
24133.5
24134.5
24135.5
24136.5
24137.5
24138.5
24139.5
24140.5
24141.5
24142.5
24143.5
24144.5
24145.5
24146.5
24147.5
24148.5
24149.5
24150.5
24151.5
24152.5
24153.5
24154.5
24155.5
24156.5
24157.5
24158.5
24159.5
24160.5
24161.5
24162.5
24163.5
24164.5
24165.5
24166.5
24167.5
24168.5
24169.5
24170.5
24171.5
24172.5
24173.5
24174.5
24175.5
24176.5
24177.5
24178.5
24179.5
24180.5
24181.5
24182.5
24183.5
24184.5
24185.5
24186.5
24187.5
24188.5
24189.5
24190.5
24191.5
24192.5
24193.5
24194.5
24195.5
24196.5
24197.5
24198.5
24199.5
24200.5
24201.5
24202.5
24203.5
24204.5
24205.5
24206.5
24207.5
24208.5
24209.5
24210.5
24211.5
24212.5
24213.5
24214.5
24215.5
24216.5
24217.5
24218.5
24219.5
24220.5
24221.5
24222.5
24223.5
24224.5
24225.5
24226.5
24227.5
24228.5
24229.5
24230.5
24231.5
24232.5
24233.5
24234.5
24235.5
24236.5
24237.5
24238.5
24239.5
24240.5
24241.5
24242.5
24243.5
24244.5
24245.5
24246.5
24247.5
24248.5
24249.5
24250.5
24251.5
24252.5
24253.5
24254.5
24255.5
24256.5
24257.5
24258.5
24259.5
24260.5
24261.5
24262.5
24263.5
24264.5
24265.5
24266.5
24267.5
24268.5
24269.5
24270.5
24271.5
24272.5
24273.5
24274.5
24275.5
24276.5
24277.5
24278.5
24279.5
24280.5
24281.5
24282.5
24283.5
24284.5
24285.5
24286.5
24287.5
24288.5
24289.5
24290.5
24291.5
24292.5
24293.5
24294.5
24295.5
24296.5
24297.5
24298.5
24299.5
24300.5
24301.5
24302.5
24303.5
24304.5
24305.5
24306.5
24307.5
24308.5
24309.5
24310.5
24311.5
24312.5
24313.5
24314.5
24315.5
24316.5
24317.5
24318.5
24319.5
24320.5
24321.5
24322.5
24323.5
24324.5
24325.5
24326.5
24327.5
24328.5
24329.5
24330.5
24331.5
24332.5
24333.5
24334.5
24335.5
24336.5
24337.5
24338.5
24339.5
24340.5
24341.5
24342.5
24343.5
24344.5
24345.5
24346.5
24347.5
24348.5
24349.5
24350.5
24351.5
24352.5
24353.5
24354.5
24355.5
24356.5
24357.5
24358.5
24359.5
24360.5
24361.5
24362.5
24363.5
24364.5
24365.5
24366.5
24367.5
24368.5
24369.5
24370.5
24371.5
24372.5
24373.5
24374.5
24375.5
24376.5
24377.5
24378.5
24379.5
24380.5
24381.5
24382.5
24383.5
24384.5
24385.5
24386.5
24387.5
24388.5
24389.5
24390.5
24391.5
24392.5
24393.5
24394.5
24395.5
24396.5
24397.5
24398.5
24399.5
24400.5
24401.5
24402.5
24403.5
24404.5
24405.5
24406.5
24407.5
24408.5
24409.5
24410.5
24411.5
24412.5
24413.5
24414.5
24415.5
24416.5
24417.5
24418.5
24419.5
24420.5
24421.5
24422.5
24423.5
24424.5
24425.5
24426.5
24427.5
24428.5
24429.5
24430.5
24431.5
24432.5
24433.5
24434.5
24435.5
24436.5
24437.5
24438.5
24439.5
24440.5
24441.5
24442.5
24443.5
24444.5
24445.5
24446.5
24447.5
24448.5
24449.5
24450.5
24451.5
24452.5
24453.5
24454.5
24455.5
24456.5
24457.5
24458.5
24459.5
24460.5
24461.5
24462.5
24463.5
24464.5
24465.5
24466.5
24467.5
24468.5
24469.5
24470.5
24471.5
24472.5
24473.5
24474.5
24475.5
24476.5
24477.5
24478.5
24479.5
24480.5
24481.5
24482.5
24483.5
24484.5
24485.5
24486.5
24487.5
24488.5
24489.5
24490.5
24491.5
24492.5
24493.5
24494.5
24495.5
24496.5
24497.5
24498.5
24499.5
24500.5
24501.5
24502.5
24503.5
24504.5
24505.5
24506.5
24507.5
24508.5
24509.5
24510.5
24511.5
24512.5
24513.5
24514.5
24515.5
24516.5
24517.5
24518.5
24519.5
24520.5
24521.5
24522.5
24523.5
24524.5
24525.5
24526.5
24527.5
24528.5
24529.5
24530.5
24531.5
24532.5
24533.5
24534.5
24535.5
24536.5
24537.5
24538.5
24539.5
24540.5
24541.5
24542.5
24543.5
24544.5
24545.5
24546.5
24547.5
24548.5
24549.5
24550.5
24551.5
24552.5
24553.5
24554.5
24555.5
24556.5
24557.5
24558.5
24559.5
24560.5
24561.5
24562.5
24563.5
24564.5
24565.5
24566.5
24567.5
24568.5
24569.5
24570.5
24571.5
24572.5
24573.5
24574.5
24575.5
24576.5
24577.5
24578.5
24579.5
24580.5
24581.5
24582.5
24583.5
24584.5
24585.5
24586.5
24587.5
24588.5
24589.5
24590.5
24591.5
24592.5
24593.5
24594.5
24595.5
24596.5
24597.5
24598.5
24599.5
24600.5
24601.5
24602.5
24603.5
24604.5
24605.5
24606.5
24607.5
24608.5
24609.5
24610.5
24611.5
24612.5
24613.5
24614.5
24615.5
24616.5
24617.5
24618.5
24619.5
24620.5
24621.5
24622.5
24623.5
24624.5
24625.5
24626.5
24627.5
24628.5
24629.5
24630.5
24631.5
24632.5
24633.5
24634.5
24635.5
24636.5
24637.5
24638.5
24639.5
24640.5
24641.5
24642.5
24643.5
24644.5
24645.5
24646.5
24647.5
24648.5
24649.5
24650.5
24651.5
24652.5
24653.5
24654.5
24655.5
24656.5
24657.5
24658.5
24659.5
24660.5
24661.5
24662.5
24663.5
24664.5
24665.5
24666.5
24667.5
24668.5
24669.5
24670.5
24671.5
24672.5
24673.5
24674.5
24675.5
24676.5
24677.5
24678.5
24679.5
24680.5
24681.5
24682.5
24683.5
24684.5
24685.5
24686.5
24687.5
24688.5
24689.5
24690.5
24691.5
24692.5
24693.5
24694.5
24695.5
24696.5
24697.5
24698.5
24699.5
24700.5
24701.5
24702.5
24703.5
24704.5
24705.5
24706.5
24707.5
24708.5
24709.5
24710.5
24711.5
24712.5
24713.5
24714.5
24715.5
24716.5
24717.5
24718.5
24719.5
24720.5
24721.5
24722.5
24723.5
24724.5
24725.5
24726.5
24727.5
24728.5
24729.5
24730.5
24731.5
24732.5
24733.5
24734.5
24735.5
24736.5
24737.5
24738.5
24739.5
24740.5
24741.5
24742.5
24743.5
24744.5
24745.5
24746.5
24747.5
24748.5
24749.5
24750.5
24751.5
24752.5
24753.5
24754.5
24755.5
24756.5
24757.5
24758.5
24759.5
24760.5
24761.5
24762.5
24763.5
24764.5
24765.5
24766.5
24767.5
24768.5
24769.5
24770.5
24771.5
24772.5
24773.5
24774.5
24775.5
24776.5
24777.5
24778.5
24779.5
24780.5
24781.5
24782.5
24783.5
24784.5
24785.5
24786.5
24787.5
24788.5
24789.5
24790.5
24791.5
24792.5
24793.5
24794.5
24795.5
24796.5
24797.5
24798.5
24799.5
24800.5
24801.5
24802.5
24803.5
24804.5
24805.5
24806.5
24807.5
24808.5
24809.5
24810.5
24811.5
24812.5
24813.5
24814.5
24815.5
24816.5
24817.5
24818.5
24819.5
24820.5
24821.5
24822.5
24823.5
24824.5
24825.5
24826.5
24827.5
24828.5
24829.5
24830.5
24831.5
24832.5
24833.5
24834.5
24835.5
24836.5
24837.5
24838.5
24839.5
24840.5
24841.5
24842.5
24843.5
24844.5
24845.5
24846.5
24847.5
24848.5
24849.5
24850.5
24851.5
24852.5
24853.5
24854.5
24855.5
24856.5
24857.5
24858.5
24859.5
24860.5
24861.5
24862.5
24863.5
24864.5
24865.5
24866.5
24867.5
